1023
1023
1023
492
486
484
482
479
477
476
474
472
471
470
469
468
468
467
466
465
465
464
463
463
462
462
462
462
461
461
462
463
463
463
462
364
379
378
375
373
372
372
373
375
376
378
380
382
383
384
385
385
386
387
387
388
388
388
389
389
388
387
387
387
387
386
386
386
386
386
385
386
386
386
386
386
387
386
386
386
386
386
387
387
387
386
387
387
344
347
344
341
343
348
352
324
326
326
330
333
331
339
340
341
341
341
341
341
341
341
341
341
341
341
340
341
341
341
341
341
341
340
340
340
340
340
340
340
339
339
339
339
339
339
339
339
339
339
339
339
339
339
339
339
339
339
339
339
339
340
339
339
339
339
339
340